0 Untitled Model
0 Name:  Dad Bot 1 - Fully Assembled
0 Author:  
0 CustomBrick
0 STEP
1 15 520.000000 -139.000100 -40.000000 -1.000000 0.000000 0.000001 -0.000001 0.000000 -1.000000 0.000000 -1.000000 0.000000 95646.dat
1 1 610.000100 -219.000000 -80.000100 1.000000 0.000000 0.000000 0.000000 1.000000 0.000000 0.000000 0.000000 1.000000 43093.dat
1 1 430.000100 -219.000100 -80.000000 -1.000000 0.000000 0.000000 0.000000 1.000000 0.000000 0.000000 0.000000 -1.000000 43093.dat
1 0 610.000100 -219.000000 -40.000000 1.000000 0.000000 0.000000 0.000000 1.000000 0.000000 0.000000 0.000000 1.000000 4459.dat
1 0 430.000100 -219.000200 -40.000000 1.000000 0.000000 0.000000 0.000000 1.000000 0.000000 0.000000 0.000000 1.000000 4459.dat
0 STEP
1 15 420.000100 -219.000100 -80.000000 0.000000 -1.000000 0.000000 1.000000 0.000000 0.000000 0.000000 0.000000 1.000000 32348.dat
1 15 620.000100 -171.000000 16.000000 0.000000 1.000000 0.000000 0.600000 0.000000 -0.800000 -0.800000 0.000000 -0.600000 32348.dat
0 STEP
1 1 630.000100 -171.000000 16.000000 -1.000000 0.000000 0.000000 0.000000 0.800000 0.600000 0.000000 0.600000 -0.800000 43093.dat
1 0 630.000100 -203.000000 -8.000000 -1.000000 0.000000 0.000000 0.000000 1.000000 0.000000 0.000000 0.000000 -1.000000 4459.dat
1 1 410.000100 -171.000100 16.000000 1.000000 0.000000 0.000000 0.000000 0.800000 -0.600000 0.000000 0.600000 0.800000 43093.dat
1 0 410.000100 -203.000100 -8.000000 1.000000 0.000000 0.000000 0.000000 0.984808 0.173650 0.000000 -0.173650 0.984808 4459.dat
0 STEP
1 0 499.999900 -19.000100 -129.999900 0.000000 0.000000 -1.000000 0.000000 1.000000 0.000000 1.000000 0.000000 0.000000 4459.dat
1 0 539.999900 -19.000100 -130.000000 0.000000 0.000000 1.000000 0.000000 1.000000 0.000000 -1.000000 0.000000 0.000000 4459.dat
0 STEP
1 71 519.999900 20.999900 -140.000000 -1.000000 0.000000 0.000000 0.000000 0.000000 -1.000000 0.000000 -1.000000 0.000000 92911.dat
1 80 519.999900 20.999900 -140.000000 -1.000000 0.000000 0.000000 0.000000 0.000000 -1.000000 0.000000 -1.000000 0.000000 99948.dat
0 STEP
1 15 380.000100 -55.552600 95.243500 1.000000 0.000000 0.000000 0.000000 0.573575 0.819153 0.000000 -0.819153 0.573575 95658.dat
0 STEP
1 15 660.000100 -57.737600 98.289890 1.000000 0.000000 0.000000 0.000000 0.587785 0.809017 0.000000 -0.809017 0.587785 95658.dat
0 STEP
1 0 640.000100 -286.409700 55.756800 0.000000 -1.000000 0.000000 0.809017 0.000000 -0.587786 0.587786 0.000000 0.809017 4459.dat
1 0 400.000100 -284.932300 56.708000 0.000001 -1.000000 0.000000 0.819153 0.000001 -0.573575 0.573575 0.000001 0.819153 4459.dat
1 0 660.000100 -286.409700 55.756800 0.000001 -1.000000 -0.000001 0.809017 0.000001 -0.587786 0.587786 0.000000 0.809017 4459.dat
1 0 380.000100 -284.932200 56.708100 0.000000 1.000000 0.000001 0.819153 0.000000 0.573576 0.573576 0.000001 -0.819153 4459.dat
0 STEP
1 15 520.000100 -294.536900 49.982700 0.000000 0.000001 -1.000000 -0.573575 0.819153 0.000001 0.819153 0.573575 0.000001 32278.dat
0 STEP
1 15 352.000000 -55.600000 95.200000 1.000000 0.000000 0.000000 0.000000 0.819153 -0.573576 0.000000 0.573576 0.819153 3706.dat
1 14 345.000100 -55.552600 95.243500 0.000000 0.000000 -1.000000 0.819153 0.573576 0.000000 0.573576 -0.819153 0.000000 32123a.dat
1 15 318.580100 -55.552600 95.243600 0.000000 0.000000 -1.000000 0.573576 -0.819153 0.000000 -0.819153 -0.573576 0.000000 22253c01.dat
0 STEP
1 15 686.000000 -57.700000 98.300010 1.000000 0.000000 0.000000 0.000000 0.809017 -0.587786 0.000000 0.587786 0.809017 3706.dat
1 14 695.030100 -57.737600 98.289890 0.000000 0.000000 1.000000 -0.587786 -0.809017 0.000000 0.809017 -0.587786 0.000000 32123a.dat
1 15 716.970000 -57.737600 98.289890 0.000000 0.000000 1.000000 0.587786 0.809017 0.000000 -0.809017 0.587786 0.000000 22253c01.dat
0 STEP
