0 Untitled Model
0 Name:  Dave Bot
0 Author:  
0 CustomBrick
1 0 570.000100 145.499700 205.500400 1.000000 0.000000 0.000000 0.000000 0.600002 0.799999 0.000000 -0.799999 0.600002 95658.dat
1 0 851.341900 144.062900 207.308800 1.000000 0.000000 0.000000 0.000000 0.610145 0.792290 0.000000 -0.792290 0.610145 95658.dat
1 1 620.000000 -14.500000 45.500000 -1.000000 0.000000 0.000000 0.000000 0.000000 -1.000000 0.000000 -1.000000 0.000000 43093.dat
1 1 800.000000 -14.500000 45.500000 1.000000 0.000000 0.000000 0.000000 0.000000 -1.000000 0.000000 1.000000 0.000000 43093.dat
1 1 821.509900 33.500000 121.500100 -1.000000 0.000000 0.000000 0.000000 0.799999 0.600001 0.000000 0.600001 -0.799999 43093.dat
1 1 600.000100 33.500000 121.500100 1.000000 0.000000 0.000000 0.000000 0.799999 -0.600002 0.000000 0.600002 0.799999 43093.dat
1 0 800.000000 -14.500000 85.500000 -1.000000 -0.000001 0.000003 -0.000003 0.000000 -1.000000 0.000001 -1.000000 0.000000 4459.dat
1 0 590.000100 -82.500100 159.499800 0.000000 1.000000 0.000000 0.799998 0.000000 0.600003 0.600003 0.000000 -0.799998 4459.dat
1 0 831.341900 -83.332400 158.407300 0.000000 1.000000 0.000000 0.792289 0.000000 0.610146 0.610146 0.000000 -0.792290 4459.dat
1 0 851.341900 -83.332400 158.407300 0.000001 0.000001 -1.000000 0.792289 0.610146 0.000001 0.610146 -0.792289 0.000000 4459.dat
1 0 730.000000 185.500000 -4.500000 0.000000 -0.000002 1.000000 0.000000 1.000000 0.000002 -1.000000 0.000000 0.000000 4459.dat
1 0 620.000100 -14.500000 85.500000 -1.000000 0.000001 0.000000 0.000000 0.000000 1.000000 0.000001 1.000000 0.000000 4459.dat
1 0 570.000100 -82.500100 159.499800 0.000000 1.000000 0.000000 -0.799998 0.000000 -0.600003 -0.600003 0.000000 0.799998 4459.dat
1 0 600.000100 1.500000 97.500100 -1.000000 0.000000 0.000000 0.000000 0.799999 0.600002 0.000000 0.600002 -0.799999 4459.dat
1 0 690.000100 185.500000 -4.500000 0.000000 -0.000002 1.000000 0.000000 1.000000 0.000002 -1.000000 0.000000 0.000000 4459.dat
1 0 820.000000 1.500000 97.500000 -1.000000 0.000000 0.000000 0.000000 1.000000 0.000002 0.000000 0.000002 -1.000000 4459.dat
1 15 610.000100 33.500000 121.500100 0.000000 1.000000 0.000000 0.600002 0.000000 -0.799999 -0.799999 0.000000 -0.600002 32348.dat
1 15 810.000000 -14.499900 25.500000 0.000000 -1.000000 0.000000 1.000000 0.000000 -0.000001 0.000001 0.000000 1.000000 32348.dat
1 15 711.341900 -91.255210 152.306000 0.000001 0.000001 -1.000000 -0.610146 0.792289 0.000001 0.792289 0.610146 0.000001 32278.dat
1 71 710.000100 225.500000 -14.499900 -1.000000 0.000000 0.000000 0.000000 0.000003 -1.000000 0.000000 -1.000000 -0.000003 92911.dat
1 80 710.000100 238.907900 -14.500800 -1.000000 0.000000 0.000000 0.000000 0.000003 -1.000011 0.000000 -1.000011 -0.000003 99948.dat
1 1 538.520100 145.499700 205.500400 1.000000 0.000000 0.000000 0.000000 0.799998 -0.600003 0.000000 0.600003 0.799998 3706.dat
1 14 535.720100 145.499700 205.500400 0.000000 0.000000 -1.000000 -0.799998 -0.600003 0.000000 -0.600003 0.799998 0.000000 32123a.dat
1 14 890.221900 144.062900 207.308800 0.000000 0.000000 -1.000000 0.792289 0.610146 0.000000 0.610146 -0.792289 0.000000 32123a.dat
1 1 881.341900 144.062900 207.308800 1.000000 0.000000 0.000000 0.000000 0.792289 -0.610146 0.000000 0.610146 0.792289 3706.dat
1 15 499.920000 145.499700 205.500400 0.000000 0.000000 -1.000000 -0.799998 -0.600003 0.000000 -0.600003 0.799998 0.000000 22253c01.dat
1 15 908.242000 144.062800 207.308800 0.000000 0.000000 1.000000 -0.610146 -0.792289 0.000001 0.792289 -0.610146 0.000000 22253c01.dat
1 15 710.000000 65.500000 85.500000 -1.000000 0.000000 0.000000 0.000000 0.000000 -1.000000 0.000000 -1.000000 0.000000 95646.dat
